<svg width="302" height="108" viewBox="0 0 302 108" fill="none" xmlns="http://www.w3.org/2000/svg">
<path d="M108 10C108 4.47715 112.477 0 118 0H184C189.523 0 194 4.47715 194 10V98C194 103.523 189.523 108 184 108H118C112.477 108 108 103.523 108 98V10Z" fill="white"/>
<path d="M166.957 75H170.197V85.58C170.197 85.7 170.203 85.8533 170.217 86.04C170.23 86.2133 170.243 86.4 170.257 86.6C170.283 86.8 170.31 87 170.337 87.2C170.363 87.3867 170.39 87.5533 170.417 87.7H171.757V89H169.097L168.897 87.46H168.817C168.523 87.9667 168.083 88.3933 167.497 88.74C166.923 89.0733 166.257 89.24 165.497 89.24C163.99 89.24 162.877 88.82 162.157 87.98C161.45 87.1267 161.097 85.8067 161.097 84.02C161.097 83.18 161.217 82.44 161.457 81.8C161.697 81.1467 162.037 80.6067 162.477 80.18C162.93 79.74 163.47 79.4067 164.097 79.18C164.723 78.9533 165.423 78.84 166.197 78.84C166.477 78.84 166.723 78.8467 166.937 78.86C167.163 78.8733 167.37 78.8933 167.557 78.92C167.743 78.9467 167.917 78.9867 168.077 79.04C168.25 79.08 168.437 79.1267 168.637 79.18V76.34H166.957V75ZM165.757 87.9C166.57 87.9 167.21 87.6933 167.677 87.28C168.143 86.8533 168.463 86.22 168.637 85.38V80.74C168.343 80.54 168.01 80.3933 167.637 80.3C167.277 80.2067 166.797 80.16 166.197 80.16C165.13 80.16 164.29 80.4733 163.677 81.1C163.063 81.7133 162.757 82.6867 162.757 84.02C162.757 84.5667 162.803 85.08 162.897 85.56C163.003 86.0267 163.17 86.4333 163.397 86.78C163.637 87.1267 163.95 87.4 164.337 87.6C164.723 87.8 165.197 87.9 165.757 87.9Z" fill="black"/>
<path d="M149.304 89V87.66H152.004V80.34H149.304V79H153.044L153.364 80.3H153.464C153.918 79.8867 154.424 79.5333 154.984 79.24C155.544 78.9467 156.211 78.8 156.984 78.8C157.438 78.8 157.798 78.8867 158.064 79.06C158.344 79.2333 158.558 79.4867 158.704 79.82C158.864 80.1533 158.971 80.56 159.024 81.04C159.078 81.5067 159.104 82.04 159.104 82.64L157.704 82.66C157.704 81.8067 157.618 81.18 157.444 80.78C157.284 80.38 156.984 80.18 156.544 80.18C156.131 80.18 155.758 80.24 155.424 80.36C155.091 80.48 154.798 80.6267 154.544 80.8C154.304 80.9733 154.098 81.1467 153.924 81.32C153.751 81.4933 153.624 81.64 153.544 81.76V87.66H157.384V89H149.304Z" fill="black"/>
<path d="M138.152 79.78C138.726 79.4466 139.372 79.2066 140.092 79.06C140.812 78.9133 141.519 78.84 142.212 78.84C142.892 78.84 143.446 78.9466 143.872 79.16C144.312 79.3733 144.652 79.6533 144.892 80C145.146 80.3333 145.312 80.72 145.392 81.16C145.486 81.5866 145.532 82.02 145.532 82.46C145.532 82.9666 145.519 83.5066 145.492 84.08C145.466 84.6533 145.446 85.2266 145.432 85.8C145.432 86.4666 145.472 87.1 145.552 87.7H146.892V89H144.232L144.052 87.5H143.952C143.872 87.62 143.752 87.7733 143.592 87.96C143.432 88.1466 143.219 88.3333 142.952 88.52C142.699 88.6933 142.386 88.8466 142.012 88.98C141.639 89.1133 141.199 89.18 140.692 89.18C139.706 89.18 138.926 88.9266 138.352 88.42C137.779 87.9133 137.492 87.22 137.492 86.34C137.492 85.66 137.639 85.0933 137.932 84.64C138.239 84.1866 138.672 83.84 139.232 83.6C139.792 83.36 140.466 83.22 141.252 83.18C142.052 83.14 142.946 83.1933 143.932 83.34C143.999 82.7266 144.006 82.22 143.952 81.82C143.912 81.4066 143.806 81.08 143.632 80.84C143.472 80.6 143.239 80.4333 142.932 80.34C142.639 80.2333 142.272 80.18 141.832 80.18C141.232 80.18 140.659 80.2666 140.112 80.44C139.566 80.6 139.079 80.7666 138.652 80.94L138.152 79.78ZM141.092 87.84C141.466 87.84 141.812 87.78 142.132 87.66C142.452 87.54 142.732 87.3866 142.972 87.2C143.212 87.0133 143.412 86.8133 143.572 86.6C143.732 86.3733 143.852 86.16 143.932 85.96V84.56C143.239 84.44 142.599 84.38 142.012 84.38C141.426 84.38 140.919 84.4466 140.492 84.58C140.066 84.7 139.732 84.8933 139.492 85.16C139.252 85.4266 139.132 85.7733 139.132 86.2C139.132 86.64 139.279 87.0266 139.572 87.36C139.879 87.68 140.386 87.84 141.092 87.84Z" fill="black"/>
<path d="M133.14 82.58H126.86V89H125.2V75H126.86V81.1H133.14V75H134.8V89H133.14V82.58Z" fill="black"/>
<path d="M147.5 26L151.429 38.0922L164.143 38.0922L153.857 45.5656L157.786 57.6578L147.5 50.1844L137.214 57.6578L141.143 45.5656L130.857 38.0922L143.571 38.0922L147.5 26Z" fill="#EE7C2B"/>
<path d="M0 10C0 4.47715 4.47715 0 10 0H76C81.5229 0 86 4.47715 86 10V98C86 103.523 81.5229 108 76 108H10C4.47715 108 0 103.523 0 98V10Z" fill="white"/>
<path d="M61.1966 87.46H61.9566L64.4366 79H66.0566L63.2766 87.98C63.1299 88.4467 62.9766 88.9733 62.8166 89.56C62.6699 90.16 62.4566 90.72 62.1766 91.24C61.8966 91.76 61.5166 92.2 61.0366 92.56C60.5566 92.92 59.9299 93.1 59.1566 93.1C58.9833 93.1 58.7966 93.08 58.5966 93.04C58.4099 93 58.2233 92.9467 58.0366 92.88C57.8499 92.8267 57.6766 92.76 57.5166 92.68C57.3566 92.6 57.2366 92.52 57.1566 92.44L57.7166 91C57.7966 91.0667 57.9033 91.1333 58.0366 91.2C58.1833 91.2667 58.3366 91.32 58.4966 91.36C58.6699 91.4133 58.8366 91.4533 58.9966 91.48C59.1566 91.52 59.2899 91.54 59.3966 91.54C60.3966 91.54 61.0766 90.6933 61.4366 89H60.0966L55.8966 79H57.6966L61.1966 87.46Z" fill="black"/>
<path d="M51.7444 86.3C51.7444 85.8733 51.5778 85.5467 51.2444 85.32C50.9111 85.08 50.4978 84.8933 50.0044 84.76C49.5111 84.6133 48.9711 84.48 48.3844 84.36C47.8111 84.24 47.2778 84.08 46.7844 83.88C46.2911 83.68 45.8778 83.4133 45.5444 83.08C45.2111 82.7333 45.0444 82.2533 45.0444 81.64C45.0444 81.1333 45.1511 80.7 45.3644 80.34C45.5911 79.98 45.8844 79.6867 46.2444 79.46C46.6044 79.22 47.0244 79.0467 47.5044 78.94C47.9844 78.82 48.4844 78.76 49.0044 78.76C49.9378 78.76 50.7378 78.88 51.4044 79.12C52.0844 79.3467 52.6244 79.5867 53.0244 79.84L52.3844 81.1C51.9444 80.86 51.4644 80.6333 50.9444 80.42C50.4378 80.1933 49.7978 80.08 49.0244 80.08C48.7311 80.08 48.4378 80.1133 48.1444 80.18C47.8644 80.2333 47.6044 80.32 47.3644 80.44C47.1378 80.56 46.9511 80.72 46.8044 80.92C46.6711 81.1067 46.6044 81.34 46.6044 81.62C46.6044 81.9667 46.7711 82.2333 47.1044 82.42C47.4378 82.6067 47.8511 82.7667 48.3444 82.9C48.8378 83.02 49.3711 83.14 49.9444 83.26C50.5311 83.3667 51.0711 83.5267 51.5644 83.74C52.0578 83.9533 52.4711 84.24 52.8044 84.6C53.1378 84.96 53.3044 85.4467 53.3044 86.06C53.3044 86.98 52.9378 87.74 52.2044 88.34C51.4844 88.94 50.3978 89.24 48.9444 89.24C48.5044 89.24 48.0711 89.2 47.6444 89.12C47.2178 89.04 46.8178 88.9333 46.4444 88.8C46.0711 88.6667 45.7311 88.52 45.4244 88.36C45.1178 88.1867 44.8644 88.0133 44.6644 87.84L45.4644 86.54C45.6244 86.7 45.8378 86.8667 46.1044 87.04C46.3711 87.2 46.6644 87.3467 46.9844 87.48C47.3044 87.6133 47.6444 87.72 48.0044 87.8C48.3778 87.88 48.7511 87.92 49.1244 87.92C49.4844 87.92 49.8178 87.8933 50.1244 87.84C50.4444 87.7733 50.7244 87.68 50.9644 87.56C51.2044 87.4267 51.3911 87.26 51.5244 87.06C51.6711 86.8467 51.7444 86.5933 51.7444 86.3Z" fill="black"/>
<path d="M33.1522 79.78C33.7255 79.4466 34.3722 79.2066 35.0922 79.06C35.8122 78.9133 36.5189 78.84 37.2122 78.84C37.8922 78.84 38.4455 78.9466 38.8722 79.16C39.3122 79.3733 39.6522 79.6533 39.8922 80C40.1455 80.3333 40.3122 80.72 40.3922 81.16C40.4855 81.5866 40.5322 82.02 40.5322 82.46C40.5322 82.9666 40.5189 83.5066 40.4922 84.08C40.4655 84.6533 40.4455 85.2266 40.4322 85.8C40.4322 86.4666 40.4722 87.1 40.5522 87.7H41.8922V89H39.2322L39.0522 87.5H38.9522C38.8722 87.62 38.7522 87.7733 38.5922 87.96C38.4322 88.1466 38.2189 88.3333 37.9522 88.52C37.6989 88.6933 37.3855 88.8466 37.0122 88.98C36.6389 89.1133 36.1989 89.18 35.6922 89.18C34.7055 89.18 33.9255 88.9266 33.3522 88.42C32.7789 87.9133 32.4922 87.22 32.4922 86.34C32.4922 85.66 32.6389 85.0933 32.9322 84.64C33.2389 84.1866 33.6722 83.84 34.2322 83.6C34.7922 83.36 35.4655 83.22 36.2522 83.18C37.0522 83.14 37.9455 83.1933 38.9322 83.34C38.9989 82.7266 39.0055 82.22 38.9522 81.82C38.9122 81.4066 38.8055 81.08 38.6322 80.84C38.4722 80.6 38.2389 80.4333 37.9322 80.34C37.6389 80.2333 37.2722 80.18 36.8322 80.18C36.2322 80.18 35.6589 80.2666 35.1122 80.44C34.5655 80.6 34.0789 80.7666 33.6522 80.94L33.1522 79.78ZM36.0922 87.84C36.4655 87.84 36.8122 87.78 37.1322 87.66C37.4522 87.54 37.7322 87.3866 37.9722 87.2C38.2122 87.0133 38.4122 86.8133 38.5722 86.6C38.7322 86.3733 38.8522 86.16 38.9322 85.96V84.56C38.2389 84.44 37.5989 84.38 37.0122 84.38C36.4255 84.38 35.9189 84.4466 35.4922 84.58C35.0655 84.7 34.7322 84.8933 34.4922 85.16C34.2522 85.4266 34.1322 85.7733 34.1322 86.2C34.1322 86.64 34.2789 87.0266 34.5722 87.36C34.8789 87.68 35.3855 87.84 36.0922 87.84Z" fill="black"/>
<path d="M21.14 75H29.36V76.48H22.8V81.06H28.86V82.54H22.8V87.52H29.46V89H21.14V75Z" fill="black"/>
<path d="M27 39.3451L37.24 55L59 26" stroke="#EE7C2B" stroke-width="5"/>
<path d="M216 10C216 4.47715 220.477 0 226 0H292C297.523 0 302 4.47715 302 10V98C302 103.523 297.523 108 292 108H226C220.477 108 216 103.523 216 98V10Z" fill="white"/>
<path d="M281.829 82.5C281.829 82.38 281.822 82.2267 281.809 82.04C281.809 81.84 281.802 81.64 281.789 81.44C281.775 81.2267 281.755 81.02 281.729 80.82C281.715 80.62 281.695 80.4467 281.669 80.3H280.329V79H283.009L283.189 80.62H283.289C283.422 80.3933 283.595 80.1733 283.809 79.96C284.035 79.7333 284.295 79.5333 284.589 79.36C284.882 79.1733 285.209 79.0267 285.569 78.92C285.929 78.8133 286.309 78.76 286.709 78.76C287.322 78.76 287.862 78.8267 288.329 78.96C288.809 79.0933 289.202 79.3333 289.509 79.68C289.829 80.0133 290.069 80.4733 290.229 81.06C290.389 81.6333 290.469 82.3667 290.469 83.26V89H288.909V83.56C288.909 82.4533 288.729 81.62 288.369 81.06C288.009 80.5 287.355 80.22 286.409 80.22C286.062 80.22 285.722 80.2933 285.389 80.44C285.069 80.5733 284.775 80.7533 284.509 80.98C284.242 81.2067 284.009 81.4733 283.809 81.78C283.609 82.0733 283.462 82.3867 283.369 82.72V89H281.829V82.5Z" fill="black"/>
<path d="M270.077 89V87.66H273.557V80.34H270.077V79H275.157V87.66H278.557V89H270.077ZM273.017 76.16C273.017 75.8 273.137 75.4933 273.377 75.24C273.617 74.9733 273.923 74.84 274.297 74.84C274.683 74.84 275.003 74.9733 275.257 75.24C275.523 75.4933 275.657 75.8 275.657 76.16C275.657 76.5066 275.523 76.8 275.257 77.04C275.003 77.28 274.683 77.4 274.297 77.4C273.923 77.4 273.617 77.28 273.377 77.04C273.137 76.8 273.017 76.5066 273.017 76.16Z" fill="black"/>
<path d="M258.144 79.78C258.718 79.4466 259.364 79.2066 260.084 79.06C260.804 78.9133 261.511 78.84 262.204 78.84C262.884 78.84 263.438 78.9466 263.864 79.16C264.304 79.3733 264.644 79.6533 264.884 80C265.138 80.3333 265.304 80.72 265.384 81.16C265.478 81.5866 265.524 82.02 265.524 82.46C265.524 82.9666 265.511 83.5066 265.484 84.08C265.458 84.6533 265.438 85.2266 265.424 85.8C265.424 86.4666 265.464 87.1 265.544 87.7H266.884V89H264.224L264.044 87.5H263.944C263.864 87.62 263.744 87.7733 263.584 87.96C263.424 88.1466 263.211 88.3333 262.944 88.52C262.691 88.6933 262.378 88.8466 262.004 88.98C261.631 89.1133 261.191 89.18 260.684 89.18C259.698 89.18 258.918 88.9266 258.344 88.42C257.771 87.9133 257.484 87.22 257.484 86.34C257.484 85.66 257.631 85.0933 257.924 84.64C258.231 84.1866 258.664 83.84 259.224 83.6C259.784 83.36 260.458 83.22 261.244 83.18C262.044 83.14 262.938 83.1933 263.924 83.34C263.991 82.7266 263.998 82.22 263.944 81.82C263.904 81.4066 263.798 81.08 263.624 80.84C263.464 80.6 263.231 80.4333 262.924 80.34C262.631 80.2333 262.264 80.18 261.824 80.18C261.224 80.18 260.651 80.2666 260.104 80.44C259.558 80.6 259.071 80.7666 258.644 80.94L258.144 79.78ZM261.084 87.84C261.458 87.84 261.804 87.78 262.124 87.66C262.444 87.54 262.724 87.3866 262.964 87.2C263.204 87.0133 263.404 86.8133 263.564 86.6C263.724 86.3733 263.844 86.16 263.924 85.96V84.56C263.231 84.44 262.591 84.38 262.004 84.38C261.418 84.38 260.911 84.4466 260.484 84.58C260.058 84.7 259.724 84.8933 259.484 85.16C259.244 85.4266 259.124 85.7733 259.124 86.2C259.124 86.64 259.271 87.0266 259.564 87.36C259.871 87.68 260.378 87.84 261.084 87.84Z" fill="black"/>
<path d="M254.472 89.5C254.472 90.1266 254.352 90.6733 254.112 91.14C253.872 91.62 253.539 92.0133 253.112 92.32C252.699 92.6266 252.212 92.8533 251.652 93C251.092 93.16 250.486 93.24 249.832 93.24C249.046 93.24 248.359 93.16 247.772 93C247.186 92.84 246.679 92.6333 246.252 92.38L247.012 90.96C247.132 91.0666 247.286 91.1666 247.472 91.26C247.672 91.3666 247.899 91.46 248.152 91.54C248.406 91.6333 248.672 91.7066 248.952 91.76C249.246 91.8133 249.532 91.84 249.812 91.84C250.399 91.84 250.886 91.7866 251.272 91.68C251.672 91.5733 251.992 91.4066 252.232 91.18C252.472 90.9533 252.646 90.66 252.752 90.3C252.859 89.94 252.912 89.5 252.912 88.98V87.86H252.832C252.526 88.3 252.132 88.64 251.652 88.88C251.172 89.12 250.552 89.24 249.792 89.24C248.272 89.24 247.152 88.82 246.432 87.98C245.726 87.1266 245.372 85.8066 245.372 84.02C245.372 82.3133 245.826 81.0266 246.732 80.16C247.639 79.28 248.986 78.84 250.772 78.84C251.599 78.84 252.299 78.9 252.872 79.02C253.459 79.1266 253.992 79.2666 254.472 79.44V89.5ZM250.012 87.9C250.826 87.9 251.466 87.6933 251.932 87.28C252.399 86.8533 252.726 86.2066 252.912 85.34V80.6C252.326 80.32 251.506 80.18 250.452 80.18C249.386 80.18 248.546 80.4933 247.932 81.12C247.319 81.7466 247.012 82.7066 247.012 84C247.012 84.5733 247.066 85.1 247.172 85.58C247.279 86.0466 247.446 86.4533 247.672 86.8C247.912 87.1466 248.219 87.42 248.592 87.62C248.979 87.8066 249.452 87.9 250.012 87.9Z" fill="black"/>
<path d="M240.62 85.12H235.24L233.96 89H232.32L237 75H238.96L243.68 89H241.94L240.62 85.12ZM235.76 83.68H240.16L238.1 77.1H237.86L235.76 83.68Z" fill="black"/>
<path d="M274.5 43.8052L275.954 43.4374V43.4374L274.5 43.8052ZM249 35.8052L265.457 41.207L261.906 24.2542L249 35.8052ZM249 55.8052L247.626 56.4071C248.878 59.2649 251.776 60.9706 254.942 61.7382C258.145 62.5148 261.904 62.4142 265.365 61.413C268.825 60.4121 272.117 58.4704 274.232 55.4383C276.377 52.3624 277.192 48.33 275.954 43.4374L274.5 43.8052L273.046 44.1729C274.096 48.3248 273.361 51.4426 271.771 53.7223C270.151 56.0459 267.524 57.6654 264.531 58.5312C261.539 59.3967 258.312 59.4684 255.649 58.8226C252.948 58.168 251.098 56.8568 250.374 55.2033L249 55.8052ZM274.5 43.8052L275.954 43.4374C274.884 39.2044 272.935 36.2798 270.444 34.3808C267.967 32.4931 265.086 31.718 262.308 31.5412L262.213 33.0382L262.118 34.5351C264.484 34.6858 266.745 35.3332 268.625 36.7666C270.49 38.1888 272.113 40.484 273.046 44.1729L274.5 43.8052Z" fill="#EE7C2B"/>
</svg>
