<svg width="357" height="165" viewBox="0 0 357 165" fill="none" xmlns="http://www.w3.org/2000/svg">
<path d="M0 10C0 4.47715 4.47715 0 10 0H154C159.523 0 164 4.47715 164 10V37C164 42.5228 159.523 47 154 47H10C4.47715 47 0 42.5228 0 37V10Z" fill="white"/>
<path d="M0 70C0 64.4772 4.47715 60 10 60H154C159.523 60 164 64.4772 164 70V97C164 102.523 159.523 107 154 107H10C4.47715 107 0 102.523 0 97V70Z" fill="white"/>
<path d="M189 70C189 64.4772 193.477 60 199 60H343C348.523 60 353 64.4772 353 70V97C353 102.523 348.523 107 343 107H199C193.477 107 189 102.523 189 97V70Z" fill="white"/>
<path d="M0 128C0 122.477 4.47715 118 10 118H34C39.5228 118 44 122.477 44 128V155C44 160.523 39.5228 165 34 165H10C4.47715 165 0 160.523 0 155V128Z" fill="white"/>
<path d="M60 128C60 122.477 64.4772 118 70 118H94C99.5228 118 104 122.477 104 128V155C104 160.523 99.5228 165 94 165H70C64.4772 165 60 160.523 60 155V128Z" fill="white"/>
<path d="M124 128C124 122.477 128.477 118 134 118H158C163.523 118 168 122.477 168 128V155C168 160.523 163.523 165 158 165H134C128.477 165 124 160.523 124 155V128Z" fill="white"/>
<path d="M189 128C189 122.477 193.477 118 199 118H223C228.523 118 233 122.477 233 128V155C233 160.523 228.523 165 223 165H199C193.477 165 189 160.523 189 155V128Z" fill="white"/>
<path d="M249 128C249 122.477 253.477 118 259 118H283C288.523 118 293 122.477 293 128V155C293 160.523 288.523 165 283 165H259C253.477 165 249 160.523 249 155V128Z" fill="white"/>
<path d="M313 128C313 122.477 317.477 118 323 118H347C352.523 118 357 122.477 357 128V155C357 160.523 352.523 165 347 165H323C317.477 165 313 160.523 313 155V128Z" fill="white"/>
<path d="M68.5051 21H70.0651V19.02L71.6651 18.56V21H74.3851V22.4H71.6651V27.94C71.6651 28.6333 71.7518 29.1267 71.9251 29.42C72.0985 29.7 72.3918 29.84 72.8051 29.84C73.1518 29.84 73.4451 29.8067 73.6851 29.74C73.9251 29.66 74.1918 29.56 74.4851 29.44L74.8451 30.66C74.4851 30.8333 74.0918 30.9733 73.6651 31.08C73.2385 31.1867 72.7785 31.24 72.2851 31.24C71.4718 31.24 70.8985 31.0133 70.5651 30.56C70.2318 30.0933 70.0651 29.32 70.0651 28.24V22.4H68.5051V21Z" fill="black"/>
<path d="M67.6217 30.34C67.2217 30.6333 66.7484 30.8533 66.2017 31C65.655 31.16 65.0817 31.24 64.4817 31.24C63.7084 31.24 63.055 31.12 62.5217 30.88C61.9884 30.6267 61.5484 30.2733 61.2017 29.82C60.8684 29.3533 60.6217 28.8 60.4617 28.16C60.315 27.5067 60.2417 26.7867 60.2417 26C60.2417 24.3067 60.615 23.0133 61.3617 22.12C62.1084 21.2133 63.1817 20.76 64.5817 20.76C65.2217 20.76 65.7617 20.8133 66.2017 20.92C66.655 21.0133 67.0617 21.1533 67.4217 21.34L66.9617 22.72C66.655 22.5467 66.315 22.4133 65.9417 22.32C65.5684 22.2133 65.1684 22.16 64.7417 22.16C62.8484 22.16 61.9017 23.44 61.9017 26C61.9017 26.5067 61.9484 26.9933 62.0417 27.46C62.1484 27.9133 62.315 28.32 62.5417 28.68C62.7817 29.0267 63.0884 29.3067 63.4617 29.52C63.8484 29.7333 64.3217 29.84 64.8817 29.84C65.3617 29.84 65.7884 29.7667 66.1617 29.62C66.5484 29.4733 66.8617 29.3067 67.1017 29.12L67.6217 30.34Z" fill="black"/>
<path d="M58.1603 30.2C57.7603 30.52 57.2536 30.7733 56.6403 30.96C56.0403 31.1467 55.4003 31.24 54.7203 31.24C53.9603 31.24 53.3003 31.12 52.7403 30.88C52.1803 30.6267 51.7203 30.2733 51.3603 29.82C51.0003 29.3533 50.7336 28.8 50.5603 28.16C50.387 27.52 50.3003 26.8 50.3003 26C50.3003 24.2933 50.6803 22.9933 51.4403 22.1C52.2003 21.2067 53.287 20.76 54.7003 20.76C55.1536 20.76 55.607 20.8133 56.0603 20.92C56.5136 21.0133 56.9203 21.2 57.2803 21.48C57.6403 21.76 57.9336 22.16 58.1603 22.68C58.387 23.1867 58.5003 23.86 58.5003 24.7C58.5003 25.14 58.4603 25.6267 58.3803 26.16H51.9603C51.9603 26.7467 52.0203 27.2667 52.1403 27.72C52.2603 28.1733 52.447 28.56 52.7003 28.88C52.9536 29.1867 53.2803 29.4267 53.6803 29.6C54.0936 29.76 54.5936 29.84 55.1803 29.84C55.6336 29.84 56.087 29.76 56.5403 29.6C56.9936 29.44 57.3336 29.2533 57.5603 29.04L58.1603 30.2ZM54.7203 22.16C53.9336 22.16 53.3003 22.3667 52.8203 22.78C52.3536 23.1933 52.0736 23.9 51.9803 24.9H56.9403C56.9403 23.8867 56.747 23.18 56.3603 22.78C55.9736 22.3667 55.427 22.16 54.7203 22.16Z" fill="black"/>
<path d="M45.8482 21H47.4482V31.54C47.4482 32.78 47.2349 33.7067 46.8082 34.32C46.3815 34.9334 45.7015 35.24 44.7682 35.24C44.6615 35.24 44.5615 35.2334 44.4682 35.22C44.3749 35.22 44.2749 35.2134 44.1682 35.2V33.84C44.5415 33.84 44.8349 33.78 45.0482 33.66C45.2749 33.5534 45.4482 33.38 45.5682 33.14C45.6882 32.9 45.7615 32.5934 45.7882 32.22C45.8282 31.86 45.8482 31.4334 45.8482 30.94V21ZM45.5082 17.96C45.5082 17.6534 45.6082 17.3934 45.8082 17.18C46.0215 16.9534 46.2882 16.84 46.6082 16.84C46.9282 16.84 47.2015 16.9534 47.4282 17.18C47.6549 17.3934 47.7682 17.6534 47.7682 17.96C47.7682 18.2667 47.6549 18.52 47.4282 18.72C47.2015 18.92 46.9282 19.02 46.6082 19.02C46.2882 19.02 46.0215 18.92 45.8082 18.72C45.6082 18.52 45.5082 18.2667 45.5082 17.96Z" fill="black"/>
<path d="M34.2456 26C34.2456 24.3067 34.6189 23.0133 35.3656 22.12C36.1256 21.2133 37.2123 20.76 38.6256 20.76C39.3723 20.76 40.0189 20.8867 40.5656 21.14C41.1256 21.38 41.5856 21.7333 41.9456 22.2C42.3056 22.6533 42.5723 23.2067 42.7456 23.86C42.9189 24.5 43.0056 25.2133 43.0056 26C43.0056 27.6933 42.6256 28.9933 41.8656 29.9C41.1189 30.7933 40.0389 31.24 38.6256 31.24C37.8789 31.24 37.2256 31.12 36.6656 30.88C36.1189 30.6267 35.6656 30.2733 35.3056 29.82C34.9456 29.3533 34.6789 28.8 34.5056 28.16C34.3323 27.5067 34.2456 26.7867 34.2456 26ZM35.9056 26C35.9056 26.5067 35.9523 26.9933 36.0456 27.46C36.1523 27.9267 36.3123 28.3333 36.5256 28.68C36.7389 29.0267 37.0189 29.3067 37.3656 29.52C37.7123 29.7333 38.1323 29.84 38.6256 29.84C40.4389 29.8533 41.3456 28.5733 41.3456 26C41.3456 25.48 41.2923 24.9867 41.1856 24.52C41.0923 24.0533 40.9389 23.6467 40.7256 23.3C40.5123 22.9533 40.2323 22.68 39.8856 22.48C39.5389 22.2667 39.1189 22.16 38.6256 22.16C36.8123 22.1467 35.9056 23.4267 35.9056 26Z" fill="black"/>
<path d="M32.7288 22.54C32.3288 22.4067 31.9488 22.34 31.5888 22.34C31.0155 22.34 30.5621 22.5 30.2288 22.82C29.8955 23.1267 29.6888 23.52 29.6088 24V31H28.0088V21H29.1288L29.4288 22.22H29.5088C29.7621 21.7667 30.0621 21.42 30.4088 21.18C30.7688 20.9267 31.2221 20.8 31.7688 20.8C32.1555 20.8 32.5888 20.8667 33.0688 21L32.7288 22.54Z" fill="black"/>
<path d="M17.7 17.14C18.2066 17.02 18.7533 16.94 19.34 16.9C19.9266 16.86 20.5066 16.84 21.08 16.84C21.6933 16.84 22.3133 16.9 22.94 17.02C23.58 17.14 24.16 17.36 24.68 17.68C25.2 18 25.62 18.44 25.94 19C26.2733 19.56 26.44 20.2734 26.44 21.14C26.44 21.9934 26.2866 22.7134 25.98 23.3C25.6733 23.8867 25.2666 24.3667 24.76 24.74C24.2533 25.1 23.6733 25.36 23.02 25.52C22.3666 25.68 21.6933 25.76 21 25.76C20.9333 25.76 20.82 25.76 20.66 25.76C20.5133 25.76 20.3533 25.76 20.18 25.76C20.02 25.7467 19.86 25.7334 19.7 25.72C19.54 25.7067 19.4266 25.6934 19.36 25.68V31H17.7V17.14ZM21.12 18.28C20.7733 18.28 20.44 18.2867 20.12 18.3C19.8 18.3134 19.5466 18.3467 19.36 18.4V24.2C19.4266 24.2267 19.5333 24.2467 19.68 24.26C19.8266 24.26 19.98 24.2667 20.14 24.28C20.3 24.28 20.4533 24.28 20.6 24.28C20.7466 24.28 20.8533 24.28 20.92 24.28C21.3733 24.28 21.82 24.24 22.26 24.16C22.7133 24.0667 23.12 23.9067 23.48 23.68C23.84 23.4534 24.1266 23.1334 24.34 22.72C24.5666 22.3067 24.68 21.78 24.68 21.14C24.68 20.5934 24.5733 20.14 24.36 19.78C24.16 19.4067 23.8866 19.1134 23.54 18.9C23.2066 18.6734 22.8266 18.5134 22.4 18.42C21.9733 18.3267 21.5466 18.28 21.12 18.28Z" fill="black"/>
<path d="M64.5076 88.52H67.3076V78.84L67.5076 77.66L66.7076 78.6L64.5076 80.18L63.7476 79.16L68.1476 75.76H68.8676V88.52H71.6076V90H64.5076V88.52Z" fill="black"/>
<path d="M52.1108 85.5H51.1908V90H49.5908V76H51.1908V84.52L52.0108 84.24L55.1108 80H56.9708L53.9108 84.02L53.0908 84.68L54.0908 85.48L57.4308 90H55.4508L52.1108 85.5Z" fill="black"/>
<path d="M47.3873 89.34C46.9873 89.6333 46.514 89.8533 45.9673 90C45.4207 90.16 44.8473 90.24 44.2473 90.24C43.474 90.24 42.8207 90.12 42.2873 89.88C41.754 89.6267 41.314 89.2733 40.9673 88.82C40.634 88.3533 40.3873 87.8 40.2273 87.16C40.0807 86.5067 40.0073 85.7867 40.0073 85C40.0073 83.3067 40.3807 82.0133 41.1273 81.12C41.874 80.2133 42.9473 79.76 44.3473 79.76C44.9873 79.76 45.5273 79.8133 45.9673 79.92C46.4207 80.0133 46.8273 80.1533 47.1873 80.34L46.7273 81.72C46.4207 81.5467 46.0807 81.4133 45.7073 81.32C45.334 81.2133 44.934 81.16 44.5073 81.16C42.614 81.16 41.6673 82.44 41.6673 85C41.6673 85.5067 41.714 85.9933 41.8073 86.46C41.914 86.9133 42.0807 87.32 42.3073 87.68C42.5473 88.0267 42.854 88.3067 43.2273 88.52C43.614 88.7333 44.0873 88.84 44.6473 88.84C45.1273 88.84 45.554 88.7667 45.9273 88.62C46.314 88.4733 46.6273 88.3067 46.8673 88.12L47.3873 89.34Z" fill="black"/>
<path d="M37.9259 89.2C37.5259 89.52 37.0193 89.7733 36.4059 89.96C35.8059 90.1467 35.1659 90.24 34.4859 90.24C33.7259 90.24 33.0659 90.12 32.5059 89.88C31.9459 89.6267 31.4859 89.2733 31.1259 88.82C30.7659 88.3533 30.4993 87.8 30.3259 87.16C30.1526 86.52 30.0659 85.8 30.0659 85C30.0659 83.2933 30.4459 81.9933 31.2059 81.1C31.9659 80.2067 33.0526 79.76 34.4659 79.76C34.9193 79.76 35.3726 79.8133 35.8259 79.92C36.2793 80.0133 36.6859 80.2 37.0459 80.48C37.4059 80.76 37.6993 81.16 37.9259 81.68C38.1526 82.1867 38.2659 82.86 38.2659 83.7C38.2659 84.14 38.2259 84.6267 38.1459 85.16H31.7259C31.7259 85.7467 31.7859 86.2667 31.9059 86.72C32.0259 87.1733 32.2126 87.56 32.4659 87.88C32.7193 88.1867 33.0459 88.4267 33.4459 88.6C33.8593 88.76 34.3593 88.84 34.9459 88.84C35.3993 88.84 35.8526 88.76 36.3059 88.6C36.7593 88.44 37.0993 88.2533 37.3259 88.04L37.9259 89.2ZM34.4859 81.16C33.6993 81.16 33.0659 81.3667 32.5859 81.78C32.1193 82.1933 31.8393 82.9 31.7459 83.9H36.7059C36.7059 82.8867 36.5126 82.18 36.1259 81.78C35.7393 81.3667 35.1926 81.16 34.4859 81.16Z" fill="black"/>
<path d="M17.7 76C17.9533 75.96 18.2333 75.9333 18.54 75.92C18.86 75.8933 19.1866 75.88 19.52 75.88C19.8666 75.8666 20.2 75.86 20.52 75.86C20.8533 75.8466 21.16 75.84 21.44 75.84C22.56 75.84 23.5266 76.0133 24.34 76.36C25.1666 76.7066 25.8466 77.1933 26.38 77.82C26.9133 78.4333 27.3066 79.1733 27.56 80.04C27.8266 80.9066 27.96 81.86 27.96 82.9C27.96 83.8466 27.8333 84.76 27.58 85.64C27.34 86.5066 26.9533 87.28 26.42 87.96C25.8866 88.6266 25.1933 89.1666 24.34 89.58C23.4866 89.98 22.4533 90.18 21.24 90.18C21.0266 90.18 20.7466 90.1733 20.4 90.16C20.0666 90.16 19.72 90.1466 19.36 90.12C19 90.1066 18.6666 90.0933 18.36 90.08C18.0533 90.0666 17.8333 90.0466 17.7 90.02V76ZM21.48 77.32C21.3066 77.32 21.1133 77.32 20.9 77.32C20.7 77.32 20.5 77.3266 20.3 77.34C20.1 77.3533 19.9133 77.3666 19.74 77.38C19.58 77.3933 19.4533 77.4066 19.36 77.42V88.62C19.4266 88.6333 19.5533 88.6466 19.74 88.66C19.9266 88.66 20.12 88.6666 20.32 88.68C20.52 88.68 20.7133 88.6866 20.9 88.7C21.0866 88.7 21.2133 88.7 21.28 88.7C22.2133 88.7 22.9933 88.54 23.62 88.22C24.26 87.9 24.7666 87.4733 25.14 86.94C25.5266 86.3933 25.8 85.7733 25.96 85.08C26.12 84.3733 26.2 83.6466 26.2 82.9C26.2 82.2466 26.1266 81.5933 25.98 80.94C25.8333 80.2733 25.58 79.6733 25.22 79.14C24.86 78.6066 24.3733 78.1733 23.76 77.84C23.16 77.4933 22.4 77.32 21.48 77.32Z" fill="black"/>
<path d="M258.268 79.18C258.268 79.8867 258.134 80.6133 257.868 81.36C257.614 82.0933 257.274 82.8333 256.848 83.58C256.434 84.3267 255.968 85.06 255.448 85.78C254.928 86.4867 254.408 87.16 253.888 87.8L252.908 88.66V88.74L254.188 88.52H258.548V90H250.588V89.42C250.881 89.1133 251.234 88.7333 251.648 88.28C252.061 87.8267 252.488 87.3267 252.928 86.78C253.381 86.22 253.821 85.6333 254.248 85.02C254.688 84.3933 255.081 83.76 255.428 83.12C255.788 82.48 256.074 81.8467 256.288 81.22C256.501 80.5933 256.608 80 256.608 79.44C256.608 78.7867 256.421 78.2467 256.048 77.82C255.674 77.38 255.108 77.16 254.348 77.16C253.841 77.16 253.348 77.2667 252.868 77.48C252.388 77.68 251.974 77.9133 251.628 78.18L250.968 77.04C251.434 76.64 251.988 76.3267 252.628 76.1C253.268 75.8733 253.954 75.76 254.688 75.76C255.261 75.76 255.768 75.8467 256.208 76.02C256.648 76.18 257.021 76.4133 257.328 76.72C257.634 77.0267 257.868 77.3933 258.028 77.82C258.188 78.2333 258.268 78.6867 258.268 79.18Z" fill="black"/>
<path d="M239.111 85.5H238.191V90H236.591V76H238.191V84.52L239.011 84.24L242.111 80H243.971L240.911 84.02L240.091 84.68L241.091 85.48L244.431 90H242.451L239.111 85.5Z" fill="black"/>
<path d="M234.387 89.34C233.987 89.6333 233.514 89.8533 232.967 90C232.421 90.16 231.847 90.24 231.247 90.24C230.474 90.24 229.821 90.12 229.287 89.88C228.754 89.6267 228.314 89.2733 227.967 88.82C227.634 88.3533 227.387 87.8 227.227 87.16C227.081 86.5067 227.007 85.7867 227.007 85C227.007 83.3067 227.381 82.0133 228.127 81.12C228.874 80.2133 229.947 79.76 231.347 79.76C231.987 79.76 232.527 79.8133 232.967 79.92C233.421 80.0133 233.827 80.1533 234.187 80.34L233.727 81.72C233.421 81.5467 233.081 81.4133 232.707 81.32C232.334 81.2133 231.934 81.16 231.507 81.16C229.614 81.16 228.667 82.44 228.667 85C228.667 85.5067 228.714 85.9933 228.807 86.46C228.914 86.9133 229.081 87.32 229.307 87.68C229.547 88.0267 229.854 88.3067 230.227 88.52C230.614 88.7333 231.087 88.84 231.647 88.84C232.127 88.84 232.554 88.7667 232.927 88.62C233.314 88.4733 233.627 88.3067 233.867 88.12L234.387 89.34Z" fill="black"/>
<path d="M224.926 89.2C224.526 89.52 224.019 89.7733 223.406 89.96C222.806 90.1467 222.166 90.24 221.486 90.24C220.726 90.24 220.066 90.12 219.506 89.88C218.946 89.6267 218.486 89.2733 218.126 88.82C217.766 88.3533 217.499 87.8 217.326 87.16C217.153 86.52 217.066 85.8 217.066 85C217.066 83.2933 217.446 81.9933 218.206 81.1C218.966 80.2067 220.053 79.76 221.466 79.76C221.919 79.76 222.373 79.8133 222.826 79.92C223.279 80.0133 223.686 80.2 224.046 80.48C224.406 80.76 224.699 81.16 224.926 81.68C225.153 82.1867 225.266 82.86 225.266 83.7C225.266 84.14 225.226 84.6267 225.146 85.16H218.726C218.726 85.7467 218.786 86.2667 218.906 86.72C219.026 87.1733 219.213 87.56 219.466 87.88C219.719 88.1867 220.046 88.4267 220.446 88.6C220.859 88.76 221.359 88.84 221.946 88.84C222.399 88.84 222.853 88.76 223.306 88.6C223.759 88.44 224.099 88.2533 224.326 88.04L224.926 89.2ZM221.486 81.16C220.699 81.16 220.066 81.3667 219.586 81.78C219.119 82.1933 218.839 82.9 218.746 83.9H223.706C223.706 82.8867 223.513 82.18 223.126 81.78C222.739 81.3667 222.193 81.16 221.486 81.16Z" fill="black"/>
<path d="M204.7 76C204.953 75.96 205.233 75.9333 205.54 75.92C205.86 75.8933 206.187 75.88 206.52 75.88C206.867 75.8666 207.2 75.86 207.52 75.86C207.853 75.8466 208.16 75.84 208.44 75.84C209.56 75.84 210.527 76.0133 211.34 76.36C212.167 76.7066 212.847 77.1933 213.38 77.82C213.913 78.4333 214.307 79.1733 214.56 80.04C214.827 80.9066 214.96 81.86 214.96 82.9C214.96 83.8466 214.833 84.76 214.58 85.64C214.34 86.5066 213.953 87.28 213.42 87.96C212.887 88.6266 212.193 89.1666 211.34 89.58C210.487 89.98 209.453 90.18 208.24 90.18C208.027 90.18 207.747 90.1733 207.4 90.16C207.067 90.16 206.72 90.1466 206.36 90.12C206 90.1066 205.667 90.0933 205.36 90.08C205.053 90.0666 204.833 90.0466 204.7 90.02V76ZM208.48 77.32C208.307 77.32 208.113 77.32 207.9 77.32C207.7 77.32 207.5 77.3266 207.3 77.34C207.1 77.3533 206.913 77.3666 206.74 77.38C206.58 77.3933 206.453 77.4066 206.36 77.42V88.62C206.427 88.6333 206.553 88.6466 206.74 88.66C206.927 88.66 207.12 88.6666 207.32 88.68C207.52 88.68 207.713 88.6866 207.9 88.7C208.087 88.7 208.213 88.7 208.28 88.7C209.213 88.7 209.993 88.54 210.62 88.22C211.26 87.9 211.767 87.4733 212.14 86.94C212.527 86.3933 212.8 85.7733 212.96 85.08C213.12 84.3733 213.2 83.6466 213.2 82.9C213.2 82.2466 213.127 81.5933 212.98 80.94C212.833 80.2733 212.58 79.6733 212.22 79.14C211.86 78.6066 211.373 78.1733 210.76 77.84C210.16 77.4933 209.4 77.32 208.48 77.32Z" fill="black"/>
<line x1="82.5" y1="47" x2="82.5" y2="60" stroke="white" stroke-width="7"/>
<path d="M156.5 38L272.5 68" stroke="white" stroke-width="7"/>
<line x1="22.5" y1="107" x2="22.5" y2="120" stroke="white" stroke-width="7"/>
<line x1="82.5" y1="106" x2="82.5" y2="119" stroke="white" stroke-width="7"/>
<line x1="146.5" y1="105" x2="146.5" y2="118" stroke="white" stroke-width="7"/>
<line x1="211.5" y1="105" x2="211.5" y2="118" stroke="white" stroke-width="7"/>
<line x1="271.5" y1="106" x2="271.5" y2="119" stroke="white" stroke-width="7"/>
<line x1="334.5" y1="106" x2="334.5" y2="119" stroke="white" stroke-width="7"/>
</svg>
